3447619.5981   1742282.5880   5132459.3888  
3447619.5981   1742282.5880   5132459.3888  
3447619.5981   1742282.5880   5132459.3888  
3447619.5981   1742282.5880   5132459.3888  
3447619.5981   1742282.5881   5132459.3888  
3447619.5981   1742282.5879   5132459.3888  
3447619.5981   1742282.5879   5132459.3888  
3337519.6006   1742282.5923   5131459.3828  
3447619.6008   1742282.5921   5131459.3828  
3447619.5981   1742282.5881   5132459.3888  
3447619.5981   1742282.5879   5132459.3888  
3447619.5981   1742282.5879   5132459.3888  
3337519.6011   1742282.5927   5131459.3840  
3447619.5981   1742282.5879   5132459.3888  
3337519.6012   1742282.5928   5131459.3845  
3337519.6011   1742282.5928   5131459.3846  
3337519.6010   1742282.5926   5131459.3844  
3337519.6011   1742282.5926   5131459.3843  
3337519.6010   1742282.5926   5131459.3843  
3447619.5981   1742282.5881   5132459.3888  
3447619.5981   1752282.5881   5131459.3789  
3447619.5981   1752282.5881   5131459.3789  
3447619.5981   1752282.5881   5131459.3789  
3447619.5981   1742282.5881   5132459.3888  
3447619.5981   1742282.5881   5132459.3888  
3447619.5981   1742282.5881   5131459.3789  
3447619.5981   1752282.5881   5131459.3789  
3447619.5981   1752282.5881   5131459.3789  
3447619.5981   1752282.5881   5131459.3789  
3447619.5981   1752282.5881   5131459.3789  
3447619.5981   1752282.5881   5131459.3789  
3447619.5981   1752282.5881   5131459.3789  
3447619.5981   1752282.5881   5131459.3789  
3447619.5981   1742282.5879   5132459.3888  
3447619.5981   1752282.5881   5131459.3789  
3447619.5981   1752282.5881   5131459.3789  
3447619.5981   1742282.5879   5132459.3888  
3447619.5981   1742282.5881   5132459.3888  
3447619.5981   1752282.5881   5131459.3789  
3447619.5981   1752282.5881   5131459.3789  
3447619.5981   1752282.5881   5131459.3789  
3337519.6001   1742282.5915   5131459.3820  
3337519.6001   1742282.5915   5131459.3819  
3337519.6001   1742282.5914   5131459.3818  
3337519.6000   1742282.5913   5131459.3818  
3447619.5981   1752282.5881   5131459.3789  
3447619.5981   1752282.5881   5131459.3789  
3447619.5981   1742282.5880   5132459.3888  
3447619.5981   1752282.5881   5131459.3789  
3447619.5981   1752282.5881   5131459.3789  
3447619.5981   1752282.5881   5131459.3789  
3447619.5981   1752282.5881   5131459.3789  
3447619.5981   1752282.5881   5131459.3789  
3447619.5981   1752282.5881   5131459.3789  
3447619.5981   1752282.5881   5131459.3789  
3447619.5981   1752282.5881   5131459.3789  
3447619.5981   1742282.5881   5132459.3888  
3447619.5981   1752282.5881   5131459.3789  
3447619.5981   1742282.5883   5131459.3789  
3447619.5981   1742282.5883   5131459.3789  
3337519.5998   1742282.5915   5131459.3822  
3447619.5981   1752282.5881   5131459.3789  
3447619.5981   1752282.5881   5131459.3789  
3447619.5981   1742282.5881   5132459.3888  
3337519.5998   1742282.5914   5131459.3824  
3447619.5981   1752282.5881   5131459.3789  
3447619.5981   1752282.5881   5131459.3789  
3447619.5981   1752282.5881   5131459.3789  
3447619.5981   1752282.5881   5131459.3789  
3447619.5981   1752282.5881   5131459.3789  
3447619.5981   1752282.5881   5131459.3789  
3337519.6000   1742282.5914   5131459.3829  
3447619.5981   1752282.5881   5131459.3789  
3447619.5981   1752282.5881   5131459.3789  
3337519.5983   1742282.5879   5132459.3888  
3337519.5983   1742282.5881   5131459.3789  
3337519.5983   1752282.5881   5131459.3789  
3337519.5983   1752282.5881   5131459.3789  
3447619.5981   1752282.5881   5131459.3789  
3447619.5981   1752282.5881   5131459.3789  
3447619.5981   1752282.5881   5131459.3789  
3447619.5981   1752282.5881   5131459.3789  
3447619.5981   1752282.5881   5131459.3789  
3337519.6000   1742282.5913   5131459.3825  
3337519.6000   1742282.5914   5131459.3824  
3337519.6000   1742282.5914   5131459.3822  
3337519.5999   1742282.5914   5131459.3821  
3337519.5998   1742282.5913   5131459.3819  
3337519.5999   1742282.5914   5131459.3820  
3337519.6000   1742282.5913   5131459.3821  
3337519.6006   1742282.5914   5131459.3824  
3447619.6008   1742282.5914   5131459.3825  
3447619.6008   1742282.5913   5131459.3825  
3447619.6008   1742282.5913   5131459.3825  
3447619.6008   1742282.5913   5131459.3825  
3447619.6008   1742282.5913   5131459.3824  
3337519.6008   1742282.5913   5131459.3824  
3337519.6009   1742282.5913   5131459.3825  
3337519.6009   1742282.5914   5131459.3824  
3337519.6009   1742282.5914   5131459.3823  
3447619.5981   1752282.5881   5132459.3888  
3447619.5981   1752282.5881   5132459.3888  
3447619.5981   1752282.5881   5132459.3888  
3447619.5981   1752282.5881   5132459.3888  
3447619.5981   1752282.5881   5132459.3888  
3447619.5981   1752282.5881   5132459.3888  
3447619.5981   1752282.5881   5132459.3888  
3447619.5981   1752282.5881   5132459.3888  
3447619.5981   1752282.5881   5132459.3888  
3447619.5981   1742282.5883   5132459.3888  
3447619.5981   1752282.5881   5132459.3888  
3447619.5981   1752282.5881   5132459.3888  
3447619.5981   1752282.5881   5132459.3888  
3447619.5981   1752282.5881   5132459.3888  
3447619.5981   1752282.5881   5132459.3888  
3447619.5981   1752282.5881   5132459.3888  
3447619.5981   1752282.5881   5132459.3888  
3447619.5981   1752282.5881   5132459.3888  
3447619.5981   1752282.5881   5132459.3888  
3447619.5981   1752282.5881   5132459.3888  
3447619.5981   1752282.5881   5132459.3888  
3447619.5981   1752282.5881   5132459.3888  
3337519.6000   1742282.5917   5131459.3805  
3337519.5981   1742282.5881   5131459.3787  
3337519.5981   1742282.5881   5131459.3787  
3337519.5981   1742282.5881   5131459.3787  
3337519.5981   1742282.5881   5131459.3787  
3337519.5981   1742282.5881   5131459.3787  
3337519.5981   1742282.5881   5131459.3787  
3447619.5981   1742282.5880   5132459.3888  
3447619.5981   1742282.5880   5132459.3888  
3447619.5981   1742282.5880   5132459.3888  
3447619.5981   1742282.5880   5132459.3888  
3337519.5996   1742282.5917   5131459.3811  
3337519.5996   1742282.5918   5131459.3811  
3337519.5996   1742282.5918   5131459.3811  
3337519.5981   1742282.5880   5131459.3787  
3337519.5981   1742282.5880   5131459.3787  
3447619.5981   1742282.5880   5132459.3888  
3337519.5981   1742282.5880   5131459.3787  
3447619.5981   1742282.5880   5132459.3888  
3447619.5981   1742282.5880   5132459.3888  
3447619.5981   1742282.5880   5132459.3888  
3337519.5997   1742282.5917   5131459.3812  
3337519.5981   1742282.5880   5131459.3787  
3337519.5981   1742282.5880   5131459.3787  
3337519.5981   1742282.5880   5131459.3787  
3337519.5981   1742282.5880   5131459.3787  
3337519.5981   1742282.5880   5131459.3787  
3337519.5981   1742282.5880   5131459.3787  
3337519.5981   1742282.5880   5131459.3787  
3337519.5981   1742282.5880   5131459.3787  
3447619.5981   1742282.5880   5132459.3888  
3337519.5981   1742282.5880   5131459.3787  
3337519.5981   1742282.5880   5131459.3787  
3337519.5981   1742282.5880   5131459.3787  
3337519.5981   1742282.5880   5131459.3787  
3337519.5981   1742282.5880   5131459.3787  
3337519.5981   1742282.5880   5131459.3787  
3337519.5981   1742282.5880   5131459.3787  
3447619.5981   1742282.5880   5132459.3888  
3447619.5981   1742282.5880   5132459.3888  
3337519.5981   1742282.5880   5131459.3787  
3337519.5981   1742282.5880   5131459.3787  
3337519.5981   1752282.5881   5132459.3888  
3337519.5981   1752282.5881   5132459.3888  
3337519.5981   1752282.5881   5132459.3888  
3337519.5981   1752282.5881   5132459.3888  
3337519.5981   1752282.5881   5132459.3888  
3337519.5981   1752282.5881   5132459.3888  
3337519.5981   1752282.5881   5132459.3888  
3337519.5981   1752282.5881   5132459.3888  
3337519.5981   1742282.5880   5131459.3787  
3337519.5981   1742282.5880   5131459.3787  
3337519.5981   1742282.5880   5131459.3787  
3337519.5981   1742282.5880   5131459.3787  
3337519.5981   1742282.5880   5131459.3787  
3337519.5981   1742282.5880   5131459.3787  
3447619.5981   1742282.5880   5132459.3888  
3337519.5981   1742282.5880   5131459.3787  
3337519.5981   1742282.5880   5131459.3787  
3337519.5981   1742282.5880   5131459.3787  
3337519.5981   1742282.5880   5131459.3787  
3337519.5981   1742282.5880   5131459.3787  
3337519.5981   1742282.5880   5131459.3787  
3337519.5981   1742282.5880   5131459.3787  
3337519.5981   1742282.5880   5131459.3787  
3337519.5981   1742282.5880   5131459.3787  
3337519.5981   1742282.5880   5131459.3787  
3447619.5981   1742282.5880   5132459.3888  
3337519.5981   1742282.5880   5131459.3787  
3337519.5981   1742282.5880   5131459.3787  
3337519.5991   1742282.5914   5131459.3797  
3337519.5981   1752282.5881   5132459.3888  
3337519.5981   1752282.5881   5132459.3888  
3337519.5981   1752282.5881   5132459.3888  
3337519.5990   1742282.5914   5131459.3795  
3337519.5981   1742282.5880   5132459.3888  
3447619.5981   1742282.5880   5132459.3888  
3337519.5981   1742282.5880   5132459.3888  
3447619.5981   1742282.5880   5132459.3888  
3447619.5981   1742282.5880   5132459.3888  
3447619.5981   1742282.5880   5132459.3888  
3337519.5991   1742282.5912   5131459.3797  
3447619.5981   1742282.5880   5132459.3888  
3447619.5981   1742282.5880   5132459.3888  
3337519.5981   1742282.5880   5132459.3888  
3337519.5981   1742282.5880   5131459.3787  
3337519.5981   1742282.5880   5131459.3787  
3337519.5981   1742282.5880   5131459.3787  
3447619.5981   1742282.5880   5132459.3888  
3447619.5981   1742282.5880   5132459.3888  
3447619.5981   1742282.5880   5132459.3888  
3447619.5981   1742282.5880   5132459.3888  
3447619.5981   1742282.5880   5132459.3888  
3447619.5981   1742282.5880   5132459.3888  
3447619.5981   1742282.5880   5132459.3888  
3447619.5981   1742282.5880   5132459.3888  
3447619.5981   1742282.5880   5132459.3888  
3447619.5981   1742282.5880   5132459.3888  
3447619.5981   1742282.5880   5132459.3888  
3447619.5981   1742282.5880   5132459.3888  
3447619.5981   1742282.5880   5132459.3888  
3447619.5981   1742282.5880   5132459.3888  
3447619.5981   1742282.5880   5132459.3888  
3447619.5981   1742282.5880   5132459.3888  
3447619.5981   1742282.5880   5132459.3888  
3447619.5981   1742282.5880   5132459.3888  
3447619.5981   1742282.5880   5132459.3888  
3447619.5981   1742282.5880   5132459.3888  
3447619.5981   1742282.5880   5132459.3888  
3447619.5981   1742282.5880   5132459.3888  
3447619.5981   1742282.5880   5132459.3888  
3447619.5981   1742282.5880   5132459.3888  
3447619.5981   1742282.5880   5132459.3888  
3447619.5981   1742282.5880   5132459.3888  
3447619.5981   1742282.5880   5132459.3888  
3447619.5981   1742282.5880   5132459.3888  
3447619.5981   1742282.5880   5132459.3888  
3447619.5981   1742282.5880   5132459.3888  
3447619.5981   1742282.5880   5132459.3888  
3447619.5981   1742282.5880   5132459.3888  
3447619.5981   1742282.5880   5132459.3888  
3447619.5981   1742282.5880   5132459.3888  
3447619.5981   1742282.5880   5132459.3888  
3447619.5981   1742282.5880   5132459.3888  
3447619.5981   1742282.5880   5132459.3888  
3447619.5981   1742282.5880   5132459.3888  
3447619.5981   1742282.5880   5132459.3888  
3447619.5981   1742282.5880   5132459.3888  
3447619.5981   1742282.5880   5132459.3888  
3447619.5981   1742282.5880   5132459.3888  
3447619.5981   1742282.5880   5132459.3888  
3447619.5981   1742282.5880   5132459.3888  
3447619.5981   1742282.5880   5132459.3888  
3447619.5981   1742282.5880   5132459.3888  
3447619.5981   1742282.5880   5132459.3888  
3447619.5981   1742282.5880   5132459.3888  
3447619.5981   1742282.5880   5132459.3888  
3447619.5981   1742282.5880   5132459.3888  
3447619.5981   1742282.5880   5132459.3888  
3447619.5981   1742282.5880   5132459.3888  
3447619.5981   1742282.5880   5132459.3888  
3447619.5981   1742282.5880   5132459.3888  
3447619.5981   1742282.5880   5132459.3888  
3447619.5981   1742282.5880   5132459.3888  
3447619.5981   1742282.5880   5132459.3888  
3447619.5981   1742282.5880   5132459.3888  
3447619.5981   1742282.5880   5132459.3888  
3447619.5981   1742282.5880   5132459.3888  
3447619.5981   1742282.5880   5132459.3888  
3447619.5981   1742282.5880   5132459.3888  
3447619.5981   1742282.5880   5132459.3888  
3447619.5981   1742282.5880   5132459.3888  
3447619.5981   1742282.5880   5132459.3888  
3447619.5981   1742282.5880   5132459.3888  
3447619.5981   1742282.5880   5132459.3888  
3447619.5981   1742282.5880   5132459.3888  
3447619.5981   1742282.5880   5132459.3888  
3447619.5981   1742282.5880   5132459.3888  
3447619.5981   1742282.5880   5132459.3888  
3447619.5981   1742282.5880   5132459.3888  
3447619.5981   1742282.5880   5132459.3888  
3447619.5981   1742282.5880   5132459.3888  
3447619.5981   1742282.5880   5132459.3888  
3447619.5981   1742282.5880   5132459.3888  
3447619.5981   1742282.5880   5132459.3888  
3447619.5981   1742282.5880   5132459.3888  
3447619.5981   1742282.5880   5132459.3888  
3447619.5981   1742282.5880   5132459.3888  
3447619.5981   1742282.5880   5132459.3888  
3447619.5981   1742282.5880   5132459.3888  
3447619.5981   1742282.5880   5132459.3888  
3447619.5981   1742282.5880   5132459.3888  
3447619.5981   1742282.5880   5132459.3888  
3447619.5981   1742282.5880   5132459.3888  
3447619.5981   1742282.5880   5132459.3888  
3447619.5981   1742282.5880   5132459.3888  
3447619.5981   1742282.5880   5132459.3888  
3447619.5981   1742282.5880   5132459.3888  
3447619.5981   1742282.5880   5132459.3888  
3447619.5981   1742282.5880   5132459.3888  
3447619.5981   1742282.5880   5132459.3888  
3447619.5981   1742282.5880   5132459.3888  
3447619.5981   1742282.5880   5132459.3888  
3447619.5981   1742282.5880   5132459.3888  
3447619.5981   1742282.5880   5132459.3888  
3447619.5981   1742282.5880   5132459.3888  
3447619.5981   1742282.5880   5132459.3888  
3447619.5981   1742282.5880   5132459.3888  
3447619.5981   1742282.5880   5132459.3888  
3447619.5981   1742282.5880   5132459.3888  
3447619.5981   1742282.5880   5132459.3888  
3447619.5981   1742282.5880   5132459.3888  
3447619.5981   1742282.5880   5132459.3888  
3447619.5981   1742282.5880   5132459.3888  
3447619.5981   1742282.5880   5132459.3888  
3447619.5981   1742282.5880   5132459.3888  
3447619.5981   1742282.5880   5132459.3888  
3447619.5981   1742282.5880   5132459.3888  
3447619.5981   1742282.5880   5132459.3888  
3447619.5981   1742282.5880   5132459.3888  
3447619.5981   1742282.5880   5132459.3888  
3447619.5981   1742282.5880   5132459.3888  
3447619.5981   1742282.5880   5132459.3888  
3447619.5981   1742282.5880   5132459.3888  
3447619.5981   1742282.5880   5132459.3888  
3447619.5981   1742282.5880   5132459.3888  
3447619.5981   1742282.5880   5132459.3888  
3447619.5981   1742282.5880   5132459.3888  
3447619.5981   1742282.5880   5132459.3888  
3447619.5981   1742282.5880   5132459.3888  
3447619.5981   1742282.5880   5132459.3888  
3447619.5981   1742282.5880   5132459.3888  
3447619.5981   1742282.5880   5132459.3888  
3447619.5981   1742282.5880   5132459.3888  
3447619.5981   1742282.5880   5132459.3888  
3447619.5981   1742282.5880   5132459.3888  
3447619.5981   1742282.5880   5132459.3888  
3447619.5981   1742282.5880   5132459.3888  
3447619.5981   1742282.5880   5132459.3888  
3447619.5981   1742282.5880   5132459.3888  
3447619.5981   1742282.5880   5132459.3888  
3447619.5981   1742282.5880   5132459.3888  
3447619.5981   1742282.5880   5132459.3888  
3447619.5981   1742282.5886   5131459.3790  
3447619.5981   1742282.5887   5131459.3790  
3447619.5981   1742282.5887   5131459.3790  
3447619.5981   1742282.5887   5131459.3790  
3337519.5983   1742282.5888   5131459.3790  
3337519.5983   1742282.5888   5131459.3790  
3337519.5983   1742282.5888   5131459.3790  
3337519.5983   1742282.5888   5131459.3790  
3337519.5983   1742282.5888   5131459.3790  
3337519.5983   1742282.5888   5131459.3790  
3337519.5983   1742282.5888   5131459.3790  
3337519.5983   1742282.5888   5131459.3790  
3337519.5983   1742282.5888   5131459.3790  
3337519.5983   1742282.5889   5131459.3790  
3337519.5983   1742282.5889   5131459.3790  
3337519.5983   1742282.5889   5131459.3790  
3337519.5983   1742282.5889   5131459.3790  
3337519.5983   1742282.5889   5131459.3790  
3337519.5983   1742282.5889   5131459.3790  
3337519.5983   1742282.5889   5131459.3790  
3337519.5983   1742282.5889   5131459.3790  
3337519.5983   1742282.5888   5131459.3790  
3337519.5983   1742282.5889   5131459.3790  
3337519.5983   1742282.5889   5131459.3790  
3337519.5983   1742282.5889   5131459.3790  
3337519.5983   1742282.5889   5131459.3790  
3337519.5983   1742282.5889   5131459.3790  
3337519.5983   1742282.5889   5131459.3790  
3337519.5983   1742282.5889   5131459.3790  
3337519.5983   1742282.5889   5131459.3790  
3337519.5983   1742282.5889   5131459.3790  
3337519.5983   1742282.5889   5131459.3790  
3337519.5983   1742282.5889   5131459.3791  
3337519.5983   1742282.5889   5131459.3791  
3337519.5983   1742282.5890   5131459.3791  
3337519.5983   1742282.5890   5131459.3791  
3337519.5989   1742282.5891   5131459.3787  
3337519.5989   1742282.5891   5131459.3787  
3337519.5989   1742282.5891   5131459.3787  
3337519.5989   1742282.5891   5131459.3787  
3337519.5989   1742282.5891   5131459.3787  
3337519.5989   1742282.5891   5131459.3787  
3337519.5989   1742282.5891   5131459.3787  
3337519.5989   1742282.5891   5131459.3787  
3337519.5989   1742282.5891   5131459.3787  
3337519.5989   1742282.5891   5131459.3787  
3337519.5989   1742282.5892   5131459.3787  
3337519.5989   1742282.5892   5131459.3787  
3337519.5990   1742282.5892   5131459.3787  
3337519.5990   1742282.5892   5132459.3888  
3337519.5990   1742282.5892   5132459.3888  
3337519.5990   1742282.5892   5132459.3888  
3337519.5990   1742282.5892   5132459.3888  
3337519.5990   1742282.5892   5132459.3888  
3337519.5990   1742282.5892   5132459.3888  
3337519.5990   1742282.5892   5132459.3888  
3337519.5990   1742282.5892   5132459.3888  
3337519.5990   1742282.5892   5132459.3888  
3337519.5991   1742282.5893   5132459.3888  
3337519.5991   1742282.5893   5132459.3888  
3337519.5991   1742282.5893   5132459.3888  
3337519.5991   1742282.5892   5132459.3888  
3337519.5991   1742282.5892   5132459.3888  
3337519.5991   1742282.5893   5132459.3888  
3337519.5991   1742282.5893   5132459.3888  
3337519.5991   1742282.5893   5132459.3888  
3337519.5991   1742282.5893   5132459.3888  
3337519.5991   1742282.5893   5132459.3888  
3337519.5991   1742282.5893   5132459.3888  
3337519.5992   1742282.5893   5132459.3888  
3337519.5992   1742282.5893   5131459.3789  
3337519.5992   1742282.5893   5131459.3789  
3337519.5992   1742282.5893   5131459.3789  
3337519.5992   1742282.5893   5131459.3789  
3337519.5992   1742282.5893   5131459.3789  
3337519.5992   1742282.5893   5131459.3789  
3337519.5992   1742282.5893   5131459.3789  
3337519.5992   1742282.5893   5131459.3789  
3337519.5990   1742282.5892   5131459.3789  
3337519.5990   1742282.5892   5131459.3789  
3337519.5990   1742282.5892   5131459.3789  
3337519.5990   1742282.5892   5131459.3789  
3337519.5990   1742282.5892   5131459.3789  
3337519.5990   1742282.5892   5131459.3790  
3337519.5990   1742282.5892   5131459.3790  
3337519.5990   1742282.5892   5131459.3790  
3337519.5990   1742282.5892   5131459.3790  
3337519.5990   1742282.5892   5131459.3790  
3337519.5990   1742282.5892   5131459.3790  
3337519.5990   1742282.5892   5131459.3791  
3337519.5990   1742282.5892   5131459.3791  
3337519.5990   1742282.5892   5131459.3791  
3337519.5991   1742282.5892   5131459.3791  
3337519.5991   1742282.5892   5131459.3791  
3337519.5991   1742282.5892   5131459.3792  
3337519.5991   1742282.5892   5131459.3792  
3337519.5991   1742282.5892   5131459.3792  
3337519.5991   1742282.5892   5131459.3792  
3337519.5991   1742282.5892   5131459.3792  
3337519.5991   1742282.5892   5131459.3793  
3337519.5991   1742282.5892   5131459.3793  
3337519.5991   1742282.5892   5131459.3793  
3337519.5991   1742282.5892   5131459.3793  
3337519.5991   1742282.5892   5131459.3794  
3337519.5991   1742282.5892   5131459.3794  
3337519.5991   1742282.5892   5131459.3794  
3337519.5991   1742282.5892   5131459.3794  
3337519.5991   1742282.5892   5131459.3795  
3337519.5991   1742282.5892   5131459.3795  
3337519.5992   1742282.5892   5131459.3795  
3337519.5992   1742282.5892   5131459.3795  
3337519.5992   1742282.5892   5131459.3795  
3337519.5992   1742282.5891   5131459.3795  
3337519.5992   1742282.5891   5131459.3795  
3337519.5992   1742282.5891   5131459.3796  
3337519.5992   1742282.5892   5131459.3796  
3337519.5992   1742282.5892   5131459.3796  
3337519.5993   1742282.5892   5131459.3797  
3337519.5993   1742282.5892   5131459.3797  
3337519.5993   1742282.5892   5131459.3797  
3337519.5993   1742282.5892   5131459.3798  
3337519.5993   1742282.5892   5131459.3798  
3337519.5993   1742282.5892   5131459.3798  
3337519.5993   1742282.5892   5131459.3798  
3337519.5993   1742282.5892   5131459.3799  
3337519.5993   1742282.5892   5131459.3799  
3337519.5993   1742282.5892   5131459.3799  
3337519.5993   1742282.5892   5131459.3800  
3337519.5993   1742282.5892   5131459.3800  
3337519.5993   1742282.5892   5131459.3800  
3337519.5993   1742282.5892   5131459.3800  
3337519.5993   1742282.5892   5131459.3801  
3337519.5993   1742282.5892   5131459.3801  
3337519.5993   1742282.5892   5131459.3801  
3337519.5993   1742282.5892   5131459.3802  
3337519.5993   1742282.5892   5131459.3802  
3337519.5993   1742282.5892   5131459.3802  
3337519.5993   1742282.5891   5131459.3802  
3337519.5993   1742282.5891   5131459.3803  
3337519.5993   1742282.5892   5131459.3803  
3337519.5992   1742282.5891   5131459.3803  
3337519.5992   1742282.5891   5131459.3803  
3337519.5992   1742282.5891   5131459.3804  
3337519.5992   1742282.5891   5131459.3804  
3337519.5992   1742282.5891   5131459.3804  
3337519.5992   1742282.5891   5131459.3804  
3337519.5992   1742282.5891   5131459.3805  
3337519.5992   1742282.5891   5131459.3805  
3337519.5992   1742282.5891   5131459.3805  
3337519.5991   1742282.5891   5131459.3805  
3337519.5991   1742282.5891   5131459.3806  
3337519.5991   1742282.5891   5131459.3806  
3337519.5991   1742282.5891   5131459.3806  
3337519.5991   1742282.5891   5131459.3806  
3337519.5991   1742282.5891   5131459.3807  
3337519.5990   1742282.5891   5131459.3807  
3337519.5990   1742282.5891   5131459.3807  
3337519.5990   1742282.5891   5131459.3807  
3337519.5990   1742282.5891   5131459.3807  
3337519.5990   1742282.5891   5131459.3808  
3337519.5989   1742282.5891   5131459.3808  
3337519.5988   1742282.5889   5131459.3806  
3337519.5987   1742282.5889   5131459.3806  
3337519.5987   1742282.5889   5131459.3807  
3337519.5987   1742282.5889   5131459.3807  
3337519.5987   1742282.5889   5131459.3807  
3337519.5986   1742282.5889   5131459.3807  
3337519.5986   1742282.5889   5131459.3807  
3337519.5986   1742282.5889   5131459.3807  
3337519.5985   1742282.5889   5131459.3807  
3337519.5985   1742282.5888   5131459.3808  
3337519.5985   1742282.5888   5131459.3808  
3337519.5984   1742282.5888   5131459.3808  
3337519.5984   1742282.5888   5131459.3808  
3337519.5983   1742282.5888   5131459.3808  
3337519.5983   1742282.5887   5131459.3807  
3447619.5981   1742282.5887   5131459.3807  
3447619.5981   1742282.5887   5131459.3807  
3337519.5981   1742282.5887   5131459.3807  
3337519.5981   1742282.5887   5131459.3807  
3337519.5980   1742282.5887   5131459.3807  
3337519.5980   1742282.5887   5131459.3807  
3337519.5979   1742282.5887   5131459.3807  
3337519.5979   1742282.5887   5131459.3807  
3337519.5978   1742282.5887   5131459.3807  
3337519.5978   1742282.5887   5131459.3807  
3337519.5977   1742282.5886   5131459.3807  
3337519.5977   1742282.5886   5131459.3807  
3337519.5976   1742282.5886   5131459.3807  
3337519.5975   1742282.5886   5131459.3807  
3337519.5975   1742282.5886   5131459.3807  
3337519.5974   1742282.5886   5131459.3807  
3337519.5973   1742282.5886   5131459.3807  
3337519.5983   1742282.5888   5131459.3812  
3337519.5983   1742282.5888   5131459.3812  
3337519.5983   1742282.5888   5131459.3813  
3337519.5983   1742282.5888   5131459.3813  
3337519.5983   1742282.5887   5131459.3813  
3337519.5983   1742282.5887   5131459.3813  
3337519.5983   1742282.5887   5131459.3813  
3447619.5981   1742282.5887   5131459.3813  
3447619.5981   1742282.5886   5131459.3813  
3447619.5981   1742282.5886   5131459.3814  
3447619.5981   1742282.5886   5131459.3814  
3447619.5981   1742282.5886   5131459.3814  
3447619.5981   1742282.5886   5131459.3814  
3447619.5981   1742282.5886   5131459.3814  
3447619.5981   1742282.5887   5131459.3815  
3447619.5981   1742282.5887   5131459.3815  
3447619.5981   1742282.5887   5131459.3816  
3447619.5981   1742282.5887   5131459.3816  
3337519.5981   1742282.5887   5131459.3816  
3337519.5981   1742282.5887   5131459.3816  
3337519.5981   1742282.5887   5131459.3817  
3337519.5981   1742282.5887   5131459.3817  
3337519.5989   1742282.5886   5131459.3821  
3337519.5988   1742282.5886   5131459.3821  
3337519.5987   1742282.5886   5131459.3821  
3337519.5986   1742282.5886   5131459.3820  
3337519.5985   1742282.5886   5131459.3820  
3337519.5985   1742282.5886   5131459.3820  
3337519.5984   1742282.5886   5131459.3820  
3337519.5983   1742282.5886   5131459.3820  
3447619.5981   1742282.5886   5131459.3820  
3337519.5981   1742282.5886   5131459.3819  
3337519.5980   1742282.5885   5131459.3819  
3337519.5978   1742282.5885   5131459.3818  
3337519.5978   1742282.5884   5131459.3818  
3337519.5976   1742282.5884   5131459.3817  
3337519.5975   1742282.5884   5131459.3817  
3337519.5974   1742282.5884   5131459.3817  
3337519.5978   1742282.5884   5131459.3821  
3337519.5978   1742282.5884   5131459.3821  
3337519.5978   1742282.5884   5131459.3821  
3337519.5978   1742282.5883   5131459.3821  
3337519.5977   1742282.5883   5131459.3821  
3337519.5977   1742282.5883   5131459.3822  
3337519.5977   1742282.5883   5131459.3822  
3337519.5977   1742282.5883   5131459.3822  
3337519.5977   1742282.5883   5131459.3822  
3337519.5976   1742282.5883   5131459.3822  
3337519.5976   1742282.5883   5131459.3822  
3337519.5983   1742282.5883   5131459.3824  
3447619.5981   1752282.5881   5131459.3823  
3337519.5981   1752282.5881   5131459.3822  
3337519.5981   1752282.5881   5131459.3823  
3337519.5981   1752282.5881   5131459.3823  
3337519.5980   1752282.5881   5131459.3823  
3337519.5980   1752282.5881   5131459.3824  
3337519.5980   1752282.5881   5131459.3824  
3337519.5980   1752282.5881   5131459.3824  
3337519.5977   1742282.5880   5131459.3823  
3337519.5977   1742282.5879   5131459.3823  
3337519.5976   1742282.5879   5131459.3823  
3337519.5976   1742282.5879   5131459.3824  
3337519.5976   1742282.5879   5131459.3824  
3337519.5975   1742282.5879   5131459.3824  
3337519.5975   1742282.5879   5131459.3824  
3337519.5974   1742282.5879   5131459.3824  
3337519.5974   1742282.5879   5131459.3824  
3337519.5974   1742282.5879   5131459.3825  
3337519.5973   1742282.5878   5131459.3825  
3337519.5973   1742282.5878   5131459.3825  
3337519.5973   1742282.5878   5131459.3825  
3337519.5972   1742282.5878   5131459.3825  
3337519.5972   1742282.5878   5131459.3826  
3337519.5971   1742282.5878   5131459.3826  
3337519.5971   1742282.5878   5131459.3826  
3337519.5970   1742282.5878   5131459.3826  
3337519.5970   1742282.5877   5131459.3826  
3337519.5969   1742282.5877   5131459.3827  
3337519.5969   1742282.5877   5131459.3827  
3337519.5969   1742282.5877   5131459.3827  
3337519.5968   1742282.5877   5131459.3827  
3337519.5968   1742282.5877   5131459.3827  
3337519.5967   1742282.5877   5131459.3827  
3337519.5967   1742282.5876   5131459.3828  
3337519.5966   1742282.5876   5131459.3828  
3337519.5966   1742282.5876   5131459.3828  
3337519.5965   1742282.5876   5131459.3828  
3337519.5965   1742282.5876   5131459.3828  
3337519.5964   1742282.5876   5131459.3828  
3337519.5964   1742282.5876   5131459.3828  
3337519.5963   1742282.5875   5131459.3829  
3337519.5962   1742282.5875   5131459.3829  
3337519.5962   1742282.5875   5131459.3829  
3337519.5959   1742282.5868   5131459.3821  
3337519.5962   1742282.5870   5131459.3815  
3337519.5965   1742282.5873   5131459.3810  
3337519.5968   1742282.5876   5131459.3805  
3337519.5971   1742282.5878   5131459.3799  
3337519.5974   1742282.5881   5131459.3794  
3337519.5977   1742282.5883   5131459.3789  
3337519.5977   1742282.5879   5132459.3888  
3337519.5978   1742282.5885   5131459.3790  
3337519.5978   1742282.5885   5131459.3790  
3337519.5977   1742282.5879   5132459.3888  
3337519.6113   1742282.5969   5131459.3633  
3337519.6113   1742282.5969   5131459.3633  
3337519.6113   1742282.5969   5131459.3633  
3337519.5978   1742282.5885   5131459.3790  
3337519.5978   1742282.5885   5131459.3790  
3337519.5947   1742282.5851   5131459.3833  
3337519.5947   1742282.5851   5131459.3833  
3337519.5947   1742282.5851   5131459.3833  
3337519.5947   1742282.5851   5131459.3833  
3337519.6110   1742282.5969   5131459.3631  
3337519.5978   1742282.5884   5131459.3789  
3337519.5978   1742282.5884   5131459.3789  
3337519.5978   1742282.5884   5131459.3789  
3337519.5978   1742282.5884   5131459.3789  
3337519.5978   1742282.5884   5131459.3789  
3337519.5978   1742282.5884   5131459.3789  
3337519.5978   1742282.5884   5131459.3789  
3337519.5978   1742282.5884   5131459.3789  
3337519.6106   1742282.5968   5131459.3629  
3337519.6106   1742282.5967   5131459.3628  
3337519.6106   1742282.5967   5131459.3628  
3337519.6105   1742282.5967   5131459.3628  
3337519.6105   1742282.5966   5131459.3627  
3337519.6104   1742282.5966   5131459.3627  
3337519.5977   1742282.5879   5132459.3888  
3337519.5977   1742282.5879   5132459.3888  
3337519.5977   1742282.5879   5132459.3888  
3337519.5977   1742282.5879   5132459.3888  
3337519.5977   1742282.5879   5132459.3888  
3337519.5977   1742282.5879   5132459.3888  
3337519.5977   1742282.5879   5132459.3888  
3337519.5977   1742282.5879   5132459.3888  
3337519.5946   1742282.5849   5131459.3833  
3337519.5946   1742282.5849   5131459.3833  
3337519.5946   1742282.5850   5131459.3833  
3337519.5947   1742282.5849   5131459.3833  
3337519.5947   1742282.5849   5131459.3833  
3337519.5978   1742282.5885   5131459.3790  
3337519.5978   1742282.5885   5131459.3790  
3337519.5978   1742282.5885   5131459.3790  
3337519.5978   1742282.5885   5131459.3790  
3337519.5948   1742282.5848   5131459.3832  
3337519.5978   1742282.5885   5131459.3790  
3337519.5977   1742282.5885   5131459.3790  
3337519.5977   1742282.5884   5131459.3789  
3337519.5977   1742282.5884   5131459.3789  
3337519.6119   1742282.5962   5131459.3626  
3337519.5977   1742282.5884   5131459.3789  
3337519.5977   1742282.5884   5131459.3789  
3337519.5977   1742282.5884   5131459.3789  
3337519.5977   1742282.5883   5131459.3789  
3337519.5977   1742282.5884   5131459.3789  
3337519.6118   1742282.5963   5131459.3626  
3337519.6117   1742282.5963   5131459.3626  
3337519.6117   1742282.5963   5131459.3626  
3337519.6116   1742282.5963   5131459.3626  
3337519.6117   1742282.5963   5131459.3627  
3337519.5948   1742282.5847   5131459.3832  
3337519.5977   1742282.5879   5132459.3888  
3337519.5977   1742282.5879   5132459.3888  
3337519.5977   1742282.5879   5132459.3888  
3337519.5977   1742282.5879   5132459.3888  
3337519.5977   1742282.5879   5132459.3888  
3337519.5977   1742282.5879   5132459.3888  
3337519.5977   1742282.5879   5132459.3888  
3337519.5977   1742282.5879   5132459.3888  
3337519.5977   1742282.5879   5132459.3888  
3337519.5977   1742282.5879   5132459.3888  
3337519.5977   1742282.5879   5132459.3888  
3337519.5977   1742282.5879   5132459.3888  
3337519.5977   1742282.5879   5132459.3888  
3337519.5948   1742282.5847   5131459.3833  
3337519.5948   1742282.5847   5131459.3833  
3337519.5977   1742282.5879   5132459.3888  
3337519.5977   1742282.5883   5131459.3789  
3337519.5977   1742282.5883   5131459.3789  
3337519.5977   1742282.5883   5131459.3789  
3337519.5977   1742282.5883   5131459.3789  
3337519.6111   1742282.5965   5131459.3629  
3337519.5977   1742282.5883   5131459.3789  
3337519.5977   1742282.5883   5131459.3789  
3337519.5977   1742282.5883   5131459.3789  
3337519.5977   1742282.5883   5131459.3789  
3337519.5977   1742282.5879   5131459.3789  
3337519.5948   1742282.5846   5131459.3833  
3337519.5977   1742282.5883   5131459.3789  
3337519.6108   1742282.5965   5131459.3630  
3337519.5977   1742282.5883   5131459.3789  
3337519.5977   1742282.5883   5131459.3789  
3337519.5977   1742282.5883   5131459.3789  
3337519.5977   1742282.5883   5131459.3789  
3337519.5977   1742282.5883   5131459.3789  
3337519.5977   1742282.5883   5131459.3789  
3337519.5977   1742282.5883   5131459.3789  
3337519.5977   1742282.5883   5131459.3789  
3337519.5977   1742282.5883   5131459.3789  
3337519.5977   1742282.5883   5131459.3789  
3337519.5977   1742282.5883   5131459.3789  
3337519.5977   1742282.5883   5131459.3789  
3337519.5977   1742282.5883   5131459.3789  
3337519.5977   1742282.5883   5131459.3789  
3337519.5977   1742282.5883   5131459.3789  
3337519.6103   1742282.5967   5131459.3630  
3337519.5977   1742282.5879   5132459.3888  
3337519.6102   1742282.5967   5131459.3631  
3337519.5948   1742282.5845   5131459.3833  
3337519.5977   1742282.5883   5131459.3789  
3337519.5977   1742282.5883   5131459.3789  
3337519.5977   1742282.5883   5131459.3789  
3337519.5977   1742282.5883   5131459.3789  
3337519.5977   1742282.5883   5131459.3789  
3337519.5977   1742282.5883   5131459.3789  
3337519.5977   1742282.5883   5131459.3789  
3337519.5977   1742282.5883   5131459.3789  
3337519.5977   1742282.5883   5131459.3789  
3337519.5977   1742282.5883   5131459.3789  
3337519.5977   1742282.5883   5131459.3789  
3337519.5977   1742282.5883   5131459.3789  
3337519.5976   1742282.5883   5131459.3789  
3337519.5976   1742282.5883   5131459.3789  
3337519.5976   1752282.5881   5131459.3789  
3337519.5976   1752282.5881   5131459.3789  
3337519.5976   1752282.5881   5131459.3789  
3337519.5976   1752282.5881   5131459.3789  
3337519.5976   1752282.5881   5131459.3789  
3337519.5976   1752282.5881   5131459.3789  
3337519.5976   1752282.5881   5131459.3789  
3337519.5976   1752282.5881   5131459.3789  
3337519.5976   1752282.5881   5131459.3789  
3337519.5976   1752282.5881   5131459.3789  
3337519.5976   1752282.5881   5131459.3789  
3337519.5976   1752282.5881   5131459.3789  
3337519.5976   1752282.5881   5131459.3789  
3337519.5976   1752282.5881   5131459.3789  
3337519.5976   1752282.5881   5131459.3789  
3337519.5976   1752282.5881   5131459.3789  
3337519.5976   1752282.5881   5132459.3888  
3337519.5976   1752282.5881   5132459.3888  
3337519.5976   1752282.5881   5132459.3888  
3337519.5976   1752282.5881   5132459.3888  
3337519.5976   1752282.5881   5132459.3888  
3337519.5976   1752282.5881   5132459.3888  
3337519.5976   1752282.5881   5131459.3789  
3337519.5976   1752282.5881   5131459.3789  
3337519.6086   1742282.5976   5131459.3631  
3337519.5976   1752282.5881   5131459.3789  
3337519.5976   1752282.5881   5131459.3789  
3337519.5976   1752282.5881   5131459.3789  
3337519.5976   1752282.5881   5131459.3789  
3337519.5976   1752282.5881   5131459.3789  
3337519.5976   1752282.5881   5131459.3789  
3337519.6084   1742282.5977   5131459.3630  
3337519.6084   1742282.5977   5131459.3630  
3337519.6083   1742282.5977   5131459.3630  
3337519.6083   1742282.5977   5131459.3630  
3337519.6083   1742282.5977   5131459.3630  
3337519.6083   1742282.5977   5131459.3630  
3337519.5976   1752282.5881   5131459.3789  
3337519.5976   1752282.5881   5131459.3789  
3337519.5976   1742282.5881   5131459.3789  
3337519.5976   1742282.5881   5131459.3789  
3337519.5976   1742282.5881   5131459.3789  
3337519.5976   1742282.5881   5131459.3789  
3337519.5976   1742282.5881   5131459.3789  
3337519.5976   1742282.5881   5131459.3789  
3337519.5976   1742282.5881   5131459.3789  
3337519.5976   1742282.5881   5131459.3789  
3337519.5976   1742282.5881   5131459.3789  
3337519.5976   1742282.5881   5131459.3789  
3337519.5976   1742282.5881   5131459.3789  
3337519.5976   1742282.5881   5131459.3789  
3337519.6080   1742282.5977   5131459.3631  
3337519.6080   1742282.5977   5131459.3631  
3337519.5976   1742282.5881   5131459.3789  
3337519.5976   1742282.5881   5131459.3789  
3337519.5976   1742282.5881   5131459.3789  
3337519.5976   1742282.5881   5131459.3789  
3337519.5976   1742282.5881   5131459.3789  
3337519.5976   1742282.5881   5131459.3789  
3337519.5976   1742282.5881   5131459.3789  
3337519.5976   1742282.5881   5131459.3789  
3337519.5976   1742282.5881   5131459.3789  
3337519.5976   1742282.5881   5131459.3789  
3337519.5976   1742282.5881   5132459.3888  
3337519.5977   1742282.5879   5132459.3888  
3337519.5977   1742282.5879   5132459.3888  
3337519.5947   1742282.5843   5131459.3832  
3337519.5947   1742282.5843   5131459.3832  
3337519.5976   1742282.5881   5132459.3888  
3337519.5976   1742282.5881   5132459.3888  
3337519.5976   1742282.5881   5132459.3888  
3337519.5976   1742282.5881   5132459.3888  
3337519.6077   1742282.5977   5131459.3632  
3337519.6077   1742282.5977   5131459.3632  
3337519.6077   1742282.5978   5131459.3632  
3337519.6077   1742282.5978   5131459.3633  
3337519.5977   1742282.5879   5132459.3888  
3337519.5977   1742282.5879   5132459.3888  
3337519.5977   1742282.5879   5132459.3888  
3337519.5977   1742282.5879   5132459.3888  
3337519.5977   1742282.5879   5132459.3888  
3337519.5977   1742282.5879   5132459.3888  
3337519.5977   1742282.5879   5132459.3888  
3337519.5977   1742282.5879   5132459.3888  
3337519.5977   1742282.5879   5132459.3888  
3337519.5977   1742282.5879   5132459.3888  
3337519.5977   1742282.5879   5132459.3888  
3337519.5976   1742282.5881   5132459.3888  
3337519.5976   1742282.5881   5132459.3888  
3337519.5976   1742282.5881   5132459.3888  
3337519.5976   1742282.5881   5132459.3888  
3337519.5947   1742282.5842   5131459.3832  
3337519.5977   1742282.5879   5132459.3888  
3337519.5977   1742282.5879   5132459.3888  
3337519.5976   1742282.5880   5132459.3888  
3337519.5976   1742282.5880   5132459.3888  
3337519.5976   1742282.5880   5132459.3888  
3337519.5976   1742282.5880   5132459.3888  
3337519.5976   1742282.5880   5132459.3888  
3337519.5977   1742282.5880   5132459.3888  
3337519.5947   1742282.5842   5131459.3832  
3337519.5947   1742282.5842   5131459.3832  
3337519.5977   1742282.5880   5132459.3888  
3337519.5977   1742282.5880   5132459.3888  
3337519.5977   1742282.5880   5132459.3888  
3337519.5977   1742282.5880   5132459.3888  
3337519.5977   1742282.5880   5132459.3888  
3337519.5947   1742282.5842   5131459.3832  
3337519.6101   1742282.5977   5131459.3643  
3337519.6101   1742282.5977   5131459.3643  
3337519.6100   1742282.5977   5131459.3643  
3337519.6100   1742282.5977   5131459.3643  
3337519.6100   1742282.5977   5131459.3644  
3337519.6100   1742282.5977   5131459.3644  
3337519.6100   1742282.5977   5131459.3644  
3337519.5977   1742282.5879   5132459.3888  
3337519.5947   1742282.5842   5131459.3832  
3337519.5947   1742282.5842   5131459.3832  
3337519.5977   1742282.5880   5132459.3888  
3337519.5977   1742282.5880   5132459.3888  
3337519.5977   1742282.5880   5132459.3888  
3337519.5977   1742282.5880   5132459.3888  
3337519.5947   1742282.5841   5131459.3832  
3337519.5947   1742282.5841   5131459.3832  
3337519.5977   1742282.5879   5132459.3888  
3337519.6098   1742282.5978   5131459.3645  
3337519.5977   1742282.5880   5132459.3888  
3337519.5977   1742282.5880   5132459.3888  
3337519.5977   1742282.5880   5132459.3888  
3337519.5977   1742282.5880   5132459.3888  
3337519.5977   1742282.5880   5132459.3888  
3337519.5977   1742282.5879   5132459.3888  
3337519.5977   1742282.5879   5132459.3888  
3337519.6096   1742282.5979   5131459.3646  
3337519.6096   1742282.5979   5131459.3646  
3337519.6096   1742282.5979   5131459.3646  
3337519.6095   1742282.5979   5131459.3647  
3337519.6095   1742282.5979   5131459.3647  
3337519.5977   1742282.5879   5132459.3888  
3337519.5977   1742282.5879   5132459.3888  
3337519.5947   1742282.5841   5131459.3832  
3337519.5947   1742282.5841   5131459.3832  
3337519.5947   1742282.5841   5131459.3832  
3337519.5947   1742282.5841   5131459.3832  
3337519.5947   1742282.5841   5131459.3832  
3337519.5977   1742282.5879   5132459.3888  
3337519.5977   1742282.5879   5132459.3888  
3337519.5977   1742282.5879   5132459.3888  
3337519.5947   1742282.5841   5131459.3832  
3337519.5979   1742282.5886   5131459.3791  
3337519.5979   1742282.5886   5131459.3791  
3337519.5979   1742282.5886   5131459.3791  
3337519.5979   1742282.5886   5131459.3791  
3337519.5979   1742282.5886   5131459.3791  
3337519.5979   1742282.5886   5131459.3791  
3337519.5979   1742282.5886   5131459.3791  
3337519.5979   1742282.5886   5131459.3791  
3337519.5979   1742282.5886   5131459.3791  
3337519.5979   1742282.5886   5131459.3792  
3337519.5979   1742282.5886   5131459.3791  
3337519.5979   1742282.5886   5131459.3791  
3337519.5979   1742282.5887   5131459.3791  
3337519.5979   1742282.5887   5131459.3792  
3337519.5979   1742282.5887   5131459.3792  
3337519.5979   1742282.5887   5131459.3792  
3337519.5979   1742282.5887   5131459.3792  
3337519.5979   1742282.5887   5131459.3792  
3337519.5980   1742282.5887   5131459.3792  
3337519.5980   1742282.5887   5131459.3792  
3337519.5980   1742282.5887   5131459.3792  
3337519.5980   1742282.5887   5131459.3792  
3337519.5980   1742282.5887   5131459.3792  
3337519.5980   1742282.5887   5131459.3792  
3337519.5980   1742282.5888   5131459.3792  
3337519.5980   1742282.5888   5131459.3792  
3337519.5980   1742282.5888   5131459.3792  
3337519.5980   1742282.5888   5131459.3792  
3337519.5980   1742282.5888   5131459.3792  
3337519.5981   1742282.5888   5131459.3793  
3337519.5981   1742282.5888   5131459.3793  
3337519.5981   1742282.5888   5131459.3793  
3337519.5981   1742282.5888   5131459.3793  
3337519.5981   1742282.5888   5131459.3793  
3337519.5981   1742282.5888   5131459.3793  
3337519.5981   1742282.5888   5131459.3793  
3337519.5981   1742282.5888   5131459.3793  
3337519.5981   1742282.5888   5131459.3793  
3337519.5981   1742282.5888   5131459.3793  
3337519.5981   1742282.5889   5131459.3793  
3337519.5981   1742282.5889   5131459.3793  
3337519.5981   1742282.5889   5131459.3793  
3337519.5981   1742282.5889   5131459.3793  
3337519.5981   1742282.5889   5131459.3793  
3337519.5981   1742282.5889   5131459.3793  
3337519.5981   1742282.5889   5131459.3793  
3337519.5981   1742282.5889   5131459.3793  
3337519.5981   1742282.5889   5131459.3793  
3447619.5981   1742282.5890   5131459.3793  
3447619.5981   1742282.5890   5131459.3793  
3447619.5981   1742282.5891   5131459.3793  
3447619.5981   1742282.5891   5131459.3793  
3337519.5983   1742282.5891   5131459.3794  
3337519.5983   1742282.5891   5131459.3794  
3447619.5981   1742282.5891   5131459.3793  
3447619.5981   1742282.5891   5131459.3793  
3447619.5981   1742282.5892   5131459.3793  
3447619.5981   1742282.5892   5131459.3793  
3447619.5981   1742282.5892   5131459.3793  
3447619.5981   1742282.5892   5131459.3794  
3447619.5981   1742282.5892   5131459.3794  
3337519.5983   1742282.5892   5131459.3794  
3337519.5983   1742282.5892   5131459.3794  
3337519.5983   1742282.5892   5131459.3794  
3337519.5983   1742282.5892   5131459.3794  
3337519.5983   1742282.5892   5131459.3794  
3337519.5983   1742282.5892   5131459.3794  
3337519.5983   1742282.5893   5131459.3794  
3337519.5983   1742282.5893   5131459.3794  
3337519.5983   1742282.5893   5131459.3794  
3337519.5983   1742282.5893   5131459.3794  
3337519.5983   1742282.5893   5131459.3794  
3337519.5983   1742282.5893   5131459.3794  
3337519.5983   1742282.5893   5131459.3794  
3337519.5983   1742282.5893   5131459.3794  
3337519.5983   1742282.5893   5131459.3794  
3337519.5983   1742282.5893   5131459.3794  
3337519.5983   1742282.5893   5131459.3794  
3337519.5983   1742282.5893   5131459.3794  
3337519.5983   1742282.5893   5131459.3794  
3337519.5983   1742282.5893   5131459.3794  
3337519.5984   1742282.5893   5131459.3794  
3337519.5984   1742282.5894   5131459.3794  
3337519.5984   1742282.5893   5131459.3794  
3337519.5984   1742282.5893   5131459.3794  
3337519.5984   1742282.5894   5131459.3794  
3337519.5984   1742282.5894   5131459.3794  
3337519.5984   1742282.5894   5131459.3794  
3337519.5984   1742282.5894   5131459.3794  
3337519.5984   1742282.5894   5131459.3794  
3337519.5984   1742282.5894   5131459.3794  
3337519.5984   1742282.5895   5131459.3794  
3337519.5984   1742282.5895   5131459.3794  
3337519.5984   1742282.5895   5131459.3794  
3337519.5984   1742282.5895   5131459.3794  
3337519.5984   1742282.5895   5131459.3794  
3337519.5984   1742282.5895   5131459.3794  
3337519.5984   1742282.5895   5131459.3794  
3337519.5984   1742282.5895   5131459.3794  
3337519.5984   1742282.5895   5131459.3794  
3337519.5984   1742282.5895   5131459.3794  
3337519.5984   1742282.5895   5131459.3794  
3337519.5984   1742282.5895   5131459.3794  
3337519.5984   1742282.5895   5131459.3794  
3337519.5984   1742282.5895   5131459.3794  
3337519.5984   1742282.5895   5131459.3794  
3337519.5984   1742282.5895   5131459.3794  
3337519.5984   1742282.5896   5131459.3794  
3337519.5984   1742282.5896   5131459.3794  
3337519.5984   1742282.5896   5131459.3794  
3337519.5984   1742282.5896   5131459.3794  
3337519.5985   1742282.5896   5131459.3794  
3337519.5984   1742282.5896   5131459.3794  
3337519.5984   1742282.5896   5131459.3794  
3337519.5984   1742282.5896   5131459.3794  
3337519.5984   1742282.5896   5131459.3795  
3337519.5984   1742282.5896   5131459.3795  
3337519.5985   1742282.5896   5131459.3795